453.10
196.24
471.30
205.54
474.23
196.41
475.94
274.98
252.02
308.61
228.01
191.55
212.80
389.46
255.51
457.28
404.78
306.65
413.26
387.64
361.64
190.08
279.19
235.83
402.11
268.46
269.57
268.10
233.42
405.14
329.36
349.03
331.79
267.63
211.64
228.79
346.71
215.76
366.46
335.99
203.10
271.80
244.36
280.65
196.02
191.60
442.97
200.11
277.26
267.82
389.06
349.45
224.77
403.26
320.00
360.42
428.67
340.25
196.11
397.90
195.80
260.06
269.99
236.26
407.78
312.63
287.78
382.05
447.28
451.88
278.42
355.45
211.58
456.92
225.14
345.41
195.27
353.50
344.27
213.82
258.97
238.05
261.33
192.76
350.21
399.01
243.99
240.69
234.39
316.39
276.41
300.51
335.47
224.75
331.58
247.91
378.86
279.10
283.87
317.19
820.43
1531.46
771.30
1713.60
1212.99
636.75
1491.39
1508.98
758.86
1498.26
730.96
1521.15
1438.22
1566.27
1541.65
1507.59
802.46
703.31
1339.63
698.30
1683.15
1631.70
733.20
1106.73
765.01
1640.03
777.22
587.81
567.05
799.84
1507.47
992.57
1032.62
785.03
1471.91
778.11
1222.88
1383.77
1508.14
893.53
673.84
974.21
1133.04
782.82
988.01
1387.62
1643.00
1601.59
862.96
1492.07
812.76
1562.06
1086.23
1538.21
1432.94
866.78
1185.60
1267.52
777.56
652.92
1361.09
602.59
1074.77
765.35
1495.62
1395.11
740.20
654.36
1673.54
450.50
743.79
911.17
807.19
1269.18
1455.55
1436.64
1586.92
715.47
614.34
760.99
1548.74
1327.15
870.40
1710.73
1024.22
1187.14
732.97
850.72
841.26
1517.18
1530.37
1323.83
951.77
567.27
518.14
1105.87
1001.42
710.47
700.80
884.75
1919.17
1600.55
1544.26
1084.64
1548.06
1995.16
1214.56
1037.16
1229.96
1700.14
1573.59
1446.90
1572.78
1175.65
1743.25
1677.29
1610.66
1179.61
1974.46
1458.08
1056.44
1391.15
1904.31
1779.89
1635.31
641.67
1444.43
1841.35
984.04
1647.53
667.73
1592.96
1176.01
592.26
1128.59
1792.64
1108.92
1658.34
1695.80
1602.88
1187.65
1539.94
753.27
1584.95
1695.74
1794.33
1989.21
1807.36
1621.26
1758.14
1234.67
1220.65
1929.70
1589.34
1939.66
1188.51
1595.33
931.71
1621.23
1320.14
1574.06
1370.79
1892.07
1236.00
1616.39
1728.99
1754.53
1250.72
1508.50
1890.63
1686.65
1753.63
1559.17
1161.39
1037.01
953.69
1880.84
1524.98
1599.74
954.15
1965.76
1205.20
1573.25
1932.13
1619.25
1955.63
1811.53
979.97
1666.32
1230.28
2014.47
1888.57
1996.95
1930.46
1136.65
1544.14
947.02
1863.44
1637.91
1709.39
1460.15
1013.16
1333.94
822.15
1377.83
790.97
921.22
1432.06
1447.83
1493.35
848.05
1279.40
1186.71
1181.83
1263.53
862.99
1014.29
637.32
1180.24
1134.22
1489.21
831.69
800.64
1522.76
1560.03
1137.13
1202.64
1553.62
1187.13
977.66
595.63
710.62
671.88
1719.75
1386.53
827.51
786.72
656.07
929.67
1049.49
767.83
819.70
1370.59
1366.90
903.08
1080.35
1382.82
678.67
839.43
1127.43
1611.23
1025.03
658.94
1105.41
634.69
733.05
1374.47
1427.86
580.01
724.29
722.36
1138.87
1759.44
1414.49
680.98
1640.70
1460.90
789.98
734.48
1151.32
1022.03
1177.95
1435.47
1352.00
1360.94
1035.09
1411.14
629.76
793.43
1221.24
786.28
994.46
1333.92
562.12
1197.55
751.24
1618.96
540.13
874.60
1374.18
671.88
923.36
696.37
1381.71
1785.16
1080.67
1461.99
832.56
1102.45
1615.09
964.38
583.65
883.53
1099.30
770.96
508.14
742.44
925.93
486.32
1082.28
636.06
1030.61
706.91
940.47
764.05
613.60
1179.67
517.49
1497.05
495.63
1031.68
500.90
828.77
822.83
635.74
791.45
1213.06
742.68
528.51
1425.43
544.41
763.24
947.22
930.42
571.00
1499.56
773.07
841.88
745.75
953.09
944.41
903.63
490.33
631.27
588.03
1173.40
534.67
706.05
1156.36
660.05
459.57
314.58
394.03
739.36
1201.61
645.47
875.52
763.66
491.58
962.24
864.10
809.46
759.89
731.27
1252.33
505.22
875.40
1179.56
1208.75
396.67
752.32
848.31
1164.87
1183.00
798.25
807.67
1105.31
1108.92
863.01
436.31
491.60
690.81
332.46
344.86
767.35
664.17
1169.39
854.81
802.17
1134.54
564.92
577.12
500.34
793.95
482.10
385.19
1107.57
795.92
826.54
776.13
973.90
844.71
697.78
347.36
1002.37
279.99
824.96
570.51
847.59
575.53
757.30
734.44
610.33
557.49
345.89
808.70
760.71
1234.71
806.06
506.80
987.04
805.32
1299.00
507.04
679.88
540.31
635.31
867.67
859.03
420.31
637.67
911.27
790.00
657.33
427.56
957.47
1073.16
370.80
1182.10
587.29
1020.15
942.30
748.85
335.30
528.25
490.28
1195.12
1129.49
440.13
806.51
1497.15
1184.53
1338.40
1418.63
1268.63
540.58
702.97
728.22
1022.24
1416.35
802.51
1463.97
882.20
636.17
1434.13
740.11
678.39
551.89
866.36
1360.91
572.30
633.21
775.16
1532.96
1210.71
703.69
1474.94
680.29
1329.98
631.04
666.93
1178.28
577.29
627.15
796.79
1503.13
1331.37
945.03
1132.09
1268.66
1516.72
887.77
1088.69
1531.48
828.46
576.66
1473.40
1282.21
794.25
1390.96
1474.40
708.78
1553.15
1447.49
557.19
1476.85
740.45
628.55
757.04
1474.04
818.87
1070.90
1207.94
1548.79
1453.84
808.77
1159.81
1454.52
1403.46
647.20
1521.58
517.12
1424.76
523.48
901.30
1415.48
1334.84
737.83
1463.53
1123.29
761.70
602.46
780.47
1491.36
887.90
608.59
1529.30
1477.19
813.58
1515.19
561.68
921.73
711.65
916.48
977.21
1175.45
606.05
1292.37
1472.47
708.15
1732.15
1845.92
1972.58
1902.61
1817.70
1976.58
1961.06
1903.00
2034.34
1923.07
1971.54
1949.30
1724.16
1914.76
1880.99
1968.34
1809.33
1990.55
1855.79
1904.92
1871.14
1804.03
1836.12
1848.48
2041.37
1957.89
1820.31
2088.62
1749.98
1987.46
1850.70
1866.75
1960.31
1900.27
2043.46
1807.05
1811.08
1985.02
1893.40
1766.16
1758.32
1982.13
1932.83
1755.05
1757.15
1919.88
1847.55
1796.40
2141.74
2078.80
1777.87
1949.62
1835.20
1849.58
2011.35
1806.96
1976.01
2098.80
1871.99
2027.87
1836.22
1817.39
1803.31
1931.65
1888.72
1856.56
1934.15
1805.83
1966.29
1775.77
2129.95
1840.68
1852.35
1917.26
1832.88
2090.23
1814.95
1981.91
1927.47
1830.25
1916.20
1747.91
1905.91
1893.13
1918.71
1735.90
1904.80
1823.41
1831.82
2056.01
1603.89
1911.12
2024.46
1758.77
1947.71
1831.24
1938.85
2035.10
1686.06
1881.14
1285.17
1180.44
987.03
1854.23
1463.56
807.78
1228.71
1288.90
725.01
1256.05
2088.94
1531.28
1778.00
1667.23
1503.17
1919.51
1645.48
1816.55
1784.15
1365.46
1400.78
2058.07
1716.69
1771.33
1550.04
1416.22
1571.42
834.61
1898.98
1452.22
1685.70
1564.20
1821.23
1148.47
1558.81
1956.18
665.09
1760.89
1671.26
489.96
1896.12
2012.83
1189.94
733.15
1300.21
1669.60
1867.61
766.21
1587.62
1418.15
654.49
1430.72
1176.88
2068.02
1586.93
900.90
1512.64
1941.46
1372.27
1889.36
1227.28
1154.46
931.44
326.53
1344.50
1301.67
1212.78
1930.44
1299.34
858.38
1371.60
1383.22
1450.60
557.85
1445.28
1619.27
1428.60
1646.78
659.20
1539.27
1152.41
1067.96
1481.41
1879.71
698.98
1539.59
1480.11
1609.89
941.45
1783.98
2084.65
730.82
1372.25
1357.82
1446.30
1679.76
1788.48
1305.82
1092.12
1278.73
1439.57
1818.93
1624.55
1703.93
1889.71
1823.97
1834.44
1811.23
1287.91
1720.97
1329.81
1341.70
1121.94
1472.07
1418.67
1308.48
1399.50
1447.27
1474.31
1651.72
1012.27
1666.03
1803.67
1129.71
1271.80
2092.27
1111.24
1644.57
1611.03
1759.88
560.27
1437.18
1397.85
1142.20
640.02
1442.30
1084.88
1208.50
1738.94
1249.91
791.58
1377.28
791.59
1761.66
1024.15
1884.27
1910.14
1111.36
907.63
1689.16
1646.69
1555.60
1940.03
2063.56
1518.39
706.12
1607.03
707.09
1279.22
1917.81
1867.28
535.05
724.66
1351.05
1578.14
1052.99
725.86
1685.92
1474.51
2056.14
1794.18
1837.17
946.20
1722.61
1344.51
1415.68
1640.16
1952.46
1684.35
1686.32
917.10
1782.19
1889.40
1539.74
1612.07
1475.96
568.29
1159.53
824.63
1369.78
1924.07
1863.81
1359.63
1494.63
1126.79
1538.84
1735.31
1730.28
1313.67
1644.28
1470.45
1395.03
1878.60
1591.96
1039.89
1618.61
1434.20
1541.90
1588.27
1919.59
1500.48
1677.88
1694.32
1488.69
1648.75
2116.32
1740.84
1994.47
1517.00
1002.20
1155.87
2043.56
1918.46
1922.66
1358.34
1674.35
823.69
569.03
1449.35
1444.23
1256.89
1074.86
1228.60
1873.61
1926.35
1637.85
1706.83
1951.55
1965.91
1772.75
1594.65
1633.92
1791.10
1511.74
1975.34
1426.00
1328.02
1846.90
1786.19
1875.25
718.57
689.93
1917.58
1622.27
1682.60
2019.85
1567.02
1920.51
1576.76
1963.09
1200.62
1776.68
821.09
1588.83
1614.35
797.19
1345.80
1505.87
819.95
1944.79
1650.38
706.66
1576.14
1806.74
790.93
1211.64
1666.25
1822.82
1700.37
1488.14
1119.68
994.30
1052.08
1457.56
1412.34
798.58
1371.28
1067.14
1202.53
1732.17
1524.93
1081.56
1723.30
1265.33
1116.06
1520.88
616.16
1293.57
1215.04
1735.67
750.42
1343.76
818.31
1889.46
1438.59
1415.94
1741.18
1704.78
784.52
1749.37
1698.21
1124.73
1127.97
1649.26
1596.34
1262.79
1702.23
1694.82
1661.61
1637.85
620.18
1657.92
696.89
1493.70
1334.39
1613.37
1185.55
1613.80
1672.65
1012.76
1493.94
1200.19
1629.02
1582.21
1324.96
660.94
1259.05
1882.07
1659.16
854.08
1784.59
1481.94
1213.64
1777.33
1495.92
1413.44
554.20
1088.53
1832.10
1455.93
968.93
1014.96
1744.02
1158.69
1340.78
1736.94
1621.17
1486.85
888.49
1769.99
1544.49
1709.08
1819.17
1284.67
1542.43
1639.29
1898.53
810.63
1677.15
1667.97
1579.92
1478.37
1804.81
705.78
1656.94
1436.90
1885.51
1997.97
1615.24
1659.41
1533.31
1860.61
1639.05
1019.43
1108.40
1264.81
1183.45
1504.99
1771.50
2000.44
1501.96
1209.69
1199.20
1235.01
1543.39
1206.41
1990.97
1645.31
1761.96
1251.97
1666.02
1569.30
319.24
2003.65
1397.56
1663.02
1596.03
1899.52
1862.02
916.32
642.94
1113.96
657.47
1738.30
1379.93
1905.72
556.92
1391.50
1680.13
1581.65
1562.12
1485.21
1184.59
1793.56
1150.23
1627.99
1655.59
1465.37
1916.19
1664.84
667.54
1636.37
652.24
1597.40
1693.03
1719.05
750.83
1494.71
1377.51
952.30
1615.64
776.76
1655.18
1669.63
1685.38
1949.24
1732.52
1522.72
1203.81
1193.30
1714.09
1279.56
1612.19
1474.21
787.10
1165.05
1366.50
1033.16
1785.75
1355.19
1966.59
564.43
1805.04
1502.47
1909.37
1623.31
466.64
737.72
1781.75
572.30
1031.26
1489.48
1458.19
1716.01
1409.58
1773.86
1343.82
1707.75
776.49
1485.90
1462.87
1093.35
1478.98
1557.45
1594.81
483.24
1094.68
842.98
1450.93
1547.79
1141.74
1115.42
1083.21
1173.19
1174.94
1571.99
1913.24
1930.18
1911.41
1364.35
1931.23
1835.80
1011.50
1232.48
792.64
1072.91
1538.98
1237.69
1811.71
1733.88
1541.02
740.81
1482.31
1188.54
1663.10
1745.73
1893.75
1203.70
1693.90
835.60
1620.15
1267.18
1102.71
1635.84
1408.86
1615.24
1847.29
906.08
1256.75
1586.28
660.61
1630.81
1336.07
907.41
1807.27
1485.86
2090.60
1192.29
563.55
1078.37
1500.09
1861.54
1757.05
1719.71
1416.41
1390.92
1665.22
1673.20
1397.69
1463.41
1884.20
1394.93
1626.74
1416.19
1653.92
1841.97
1840.08
1770.82
1305.83
1152.57
959.23
1463.57
1560.31
897.71
1806.52
1561.11
858.68
1578.70
1954.11
1482.45
1144.76
1064.93
1470.69
1202.96
743.21
1391.69
811.19
1432.71
1247.82
1275.67
1583.87
941.96
1382.84
1244.12
1128.88
1491.79
1664.66
789.80
1675.36
1250.38
637.42
1432.29
943.29
1454.71
1124.25
1676.80
1266.55
1346.49
1400.48
1708.51
1133.27
1591.32
1224.77
1613.29
1929.24
2032.37
1687.44
1113.45
588.88
1737.14
1517.62
1500.89
1378.35
1649.70
1901.92
1546.41
1463.92
1507.98
1095.82
1979.20
1726.70
1907.58
1194.56
1436.66
1585.45
1578.72
1470.51
723.77
1810.63
1430.75
1706.94
1401.04
761.08
1616.49
1791.55
1380.80
1850.69
1482.05
1647.39
737.02
1470.97
2082.14
1454.27
1685.35
1878.36
1688.76
1481.98
1770.68
1487.38
1548.62
1534.21
1500.23
1544.14
2064.63
915.01
753.90
1766.34
1466.75
1280.84
462.15
1368.21
837.83
966.41
1757.61
938.81
1543.05
1717.46
1767.25
1371.07
1873.63
1371.63
1102.56
1508.82
1815.43
1514.03
1613.85
664.23
1323.32
1013.76
1556.79
1504.66
1282.82
1455.94
1706.34
1566.00
1266.23
1651.77
1508.75
1641.45
1748.78
1256.87
1900.53
1475.20
1790.32
993.33
2025.39
1590.33
1936.97
1277.21
1101.11
1882.80
1715.91
1503.90
1073.62
1370.84
1812.80
1555.84
1606.53
1430.87
496.70
1660.92
1070.39
1361.35
1286.60
2085.01
1305.23
1414.54
1673.94
941.65
704.75
1386.45
1489.56
1408.21
1562.66
986.76
1103.89
1528.42
1515.43
1472.53
1437.34
1882.19
1504.51
1223.21
946.38
1469.20
1710.51
1624.87
1423.94
1498.98
737.98
1402.42
888.03
730.65
1289.15
1431.90
1610.44
1843.04
1246.59
1673.89
902.43
1568.76
1759.91
1178.35
1902.91
1276.24
1891.58
699.72
574.75
1515.37
1169.34
1806.74
1243.84
1874.89
1640.14
1516.49
1655.85
1221.28
911.70
1793.77
1653.94
596.08
1234.46
824.69
1160.66
869.81
1432.19
1414.83
1511.70
1792.90
660.41
785.85
603.28
1271.72
1081.13
1555.45
996.23
2132.15
1616.45
334.65
1516.96
1271.42
673.64
1199.77
1456.61
915.64
1905.48
705.33
1680.08
910.47
513.99
1474.44
963.53
1482.82
1540.23
1183.27
1628.79
429.27
618.03
1675.69
1730.62
765.85
1037.76
1177.77
1465.78
1461.82
1441.29
1792.39
507.93
1284.93
856.51
1528.62
1624.31
1752.91
1647.57
1489.90
1905.83
1460.14
1901.20
1228.48
1609.59
705.88
1498.48
1300.86
791.17
1572.91
1689.54
1637.12
1714.44
1338.47
1689.90
1480.98
1116.67
1408.34
1183.09
796.80
1738.59
1611.77
1525.18
1387.38
1975.04
1874.50
1814.34
488.33
1237.09
1215.25
1976.63
1541.23
1103.40
1510.51
972.02
1949.97
1678.04
2110.75
1605.39
1458.38
878.31
1973.90
1750.61
499.73
1354.02
897.63
1384.76
1629.30
1499.32
1540.26
1706.58
1445.91
1927.15
1467.16
1212.87
707.73
1626.50
812.85
1512.14
1538.01
931.51
571.86
868.91
1320.03
1139.59
1598.77
1141.61
1835.84
1697.74
683.43
1614.75
1460.80
1452.56
1253.98
1362.73
1728.85
1520.66
1900.92
2029.55
1773.74
1550.78
1386.60
924.62
1480.34
1454.98
1698.26
1742.11
615.74
1799.89
1892.66
1863.90
1707.71
1274.83
1400.81
1117.93
1314.29
1727.25
650.50
435.43
961.63
575.50
1290.42
1100.82
887.67
752.73
823.24
1529.70
1400.77
581.38
1211.22
1819.03
920.93
1732.28
1739.89
1443.07
1688.82
482.52
1483.68
1401.19
914.85
1211.97
1449.11
1198.32
1909.92
707.36
1514.59
766.69
2016.28
1273.26
1923.35
1128.62
1414.06
1262.93
1615.48
775.75
1452.47
574.73
1448.38
1710.14
1863.70
606.52
1771.00
675.53
998.59
996.53
1242.86
1690.25
1400.34
1539.81
1621.38
926.24
598.90
1132.50
1869.33
1729.32
1131.50
2013.71
1877.95
1656.09
995.03
1573.87
1481.53
714.99
1652.08
1203.01
1563.73
1302.25
1532.36
1584.72
1421.94
1356.12
1667.38
1604.78
1619.98
1468.53
1283.18
1567.43
1804.43
1181.47
1699.13
1205.68
944.33
1605.06
1478.42
1885.09
858.48
1106.71
1250.82
1173.86
1833.03
1205.19
1959.83
572.49
1406.53
1538.88
1244.08
1534.54
1746.12
1898.77
1529.75
1278.96
1288.52
1717.65
2072.22
540.58
1922.13
752.53
1056.15
1747.54
1049.81
1483.84
593.69
1893.07
1531.63
1927.06
1919.51
1406.01
1664.10
1555.04
1927.18
1622.31
1432.04
896.76
860.81
1642.19
862.86
1694.13
1438.12
1380.10
2063.54
1608.91
1643.59
1587.54
1122.32
1713.20
1696.39
1874.02
578.49
1047.05
1157.25
1547.23
1811.97
1694.25
1541.99
1846.76
1630.73
1491.38
1609.33
1724.41
1531.20
1918.65
924.56
1409.64
1085.48
1689.58
614.13
1747.89
678.43
1318.80
831.14
1257.50
1290.55
1209.62
527.80
1399.77
1387.42
1663.42
1166.00
722.32
1160.93
1631.81
519.92
691.77
1621.99
1702.18
1249.03
1638.70
1678.93
1714.07
1636.86
1654.58
1656.41
1381.77
1739.98
1600.35
1188.91
768.09
1120.89
1167.98
1549.80
618.21
1532.89
1871.68
1690.71
1372.27
1410.60
953.97
1705.35
2029.25
1448.35
1177.08
1766.64
1257.40
1349.17
1476.74
1648.37
982.53
1149.91
1884.37
1756.56
1884.68
1436.74
1634.92
1824.55
1640.64
1916.80
1669.75
1547.03
1710.59
1386.41
1846.12
1429.08
1588.61
1254.46
1503.71
1487.58
1502.38
800.09
707.25
1697.69
1626.80
1217.77
1209.32
1079.85
1518.14
1115.13
579.63
730.58
1611.49
1684.15
1536.36
1482.23
1933.85
1862.96
1979.48
1284.34
1556.19
1033.59
1364.40
1014.80
1803.20
658.59
1538.04
1199.20
1615.86
1764.10
1385.10
1616.46
998.86
1520.47
1744.06
562.26
1378.42
1270.92
1416.41
1333.36
1565.15
753.26
1413.23
1568.49
211.08
751.47
1997.34
1579.20
820.35
1150.19
1847.23
723.74
749.55
1955.47
1698.86
1661.93
1869.09
1931.51
1276.80
1573.42
1213.48
1810.75
1674.08
1608.95
1652.64
1958.14
567.36
1698.26
1441.09
1525.44
1554.05
846.38
1235.39
1460.10
1455.00
785.70
1450.04
1894.94
1532.65
908.40
1536.56
1370.19
1598.95
1888.64
1924.06
666.22
281.68
828.68
1661.67
1703.30
1816.93
1593.22
1570.48
1796.39
1740.95
1764.12
655.83
1795.75
1803.66
1569.45
1688.14
1883.03
1419.47
1908.53
1454.81
1222.37
1451.33
923.19
1644.53
1536.54
1737.95
1190.81
1404.49
359.23
1890.30
1456.30
1392.24
490.00
834.48
1712.27
1631.85
1717.85
1024.55
1746.88
1420.36
826.69
1857.14
1217.44
925.95
671.49
1295.20
1950.52
1916.71
1389.02
748.86
1151.14
1176.92
909.19
1680.13
1204.82
1285.96
1383.95
1519.83
1385.18
1829.67
859.97
1440.73
1880.55
1632.34
476.06
1949.11
1391.19
2058.74
1770.55
885.18
1121.93
590.91
1665.63
1665.54
759.22
1084.27
1682.34
663.45
1242.39
841.55
1608.97
1541.01
2085.32
936.69
1149.80
1103.00
1571.67
1862.91
665.38
1901.05
1413.11
1445.93
584.55
1505.44
1525.97
1845.21
1715.82
757.89
1631.15
1200.57
1774.20
1485.52
1654.53
1690.80
748.36
1203.14
1102.07
959.28
1520.44
1473.05
1751.37
1459.93
1416.05
1517.99
1156.27
1399.29
1397.55
1994.78
976.54
1766.13
1594.61
1665.08
1457.74
1089.44
1465.04
1920.45
1711.83
850.55
1588.66
1506.67
2037.35
1655.33
1536.35
1707.92
1414.49
1493.83
1610.36
1804.53
1147.92
1535.48
806.19
1731.67
1729.22
554.57
1566.59
1875.61
1815.29
1497.58
1416.34
745.80
1168.05
1792.90
1136.07
1719.89
1196.25
694.79
1446.59
1618.95
1366.38
1651.51
1198.92
473.40
834.24
1716.57
2026.46
1673.83
1592.05
1960.34
1346.49
1550.56
1717.69
1642.82
1361.99
1491.97
1481.13
1679.00
1154.33
1525.52
1499.01
1166.09
909.24
722.74
1812.02
1274.71
1491.97
858.84
1149.19
1457.04
1654.78
1089.65
1364.82
1755.41
791.38
1843.36
1019.39
762.92
1688.82
1069.89
1688.22
1894.42
1075.05
1825.39
1747.43
1931.25
756.82
430.37
923.95
1577.76
1685.57
609.30
1848.33
1830.29
1376.87
1623.24
791.92
728.35
1705.66
740.58
392.54
1314.97
1799.51
1678.27
1623.29
1914.79
1693.19
2042.29
1628.34
1421.25
1257.29
1673.03
836.30
1484.30
1460.83
1742.31
1172.23
1647.62
1213.32
1413.88
1579.33
1432.73
1421.24
1320.14
1851.51
1054.70
1708.29
2038.90
805.28
1736.94
466.81
1969.12
1359.73
1682.90
1712.74
1066.76
1719.08
1941.35
1634.12
1579.10
639.75
1518.81
1652.24
1618.46
1461.77
1775.27
1225.17
1885.23
1641.89
1218.84
434.02
1767.43
581.06
387.39
1186.57
941.62
1796.77
1753.37
1493.36
1835.65
1614.35
1485.86
1615.67
978.00
779.24
1607.39
1274.14
1560.46
1481.95
1477.69
1723.99
1627.30
1442.85
613.40
654.13
1512.32
1747.63
869.59
708.04
1227.40
1108.71
1317.51
1019.14
1628.49
1523.18
1752.71
809.52
1771.34
850.20
1911.88
1877.13
1486.62
1279.71
1542.23
800.37
1864.65
1315.13
931.82
1648.80
996.67
877.85
560.09
1029.41
549.02
1872.62
1872.07
1570.24
1218.00
1204.90
656.77
1567.11
1648.76
1126.23
509.21
1630.22
1629.28
550.64
1425.08
806.77
905.64
1229.56
2035.56
868.89
501.87
1303.03
1938.60
1505.84
1740.13
1893.73
1326.90
1638.36
1898.27
1288.68
876.09
1111.50
1712.12
1426.48
1605.10
963.92
1573.83
2042.36
1657.63
1182.29
1885.45
1920.79
1255.12
1696.21
1491.75
927.81
1759.47
1358.84
1255.49
1524.18
1720.06
1488.05
571.94
1527.56
787.37
1034.66
329.82
1700.98
1866.44
1710.33
1215.11
1407.31
1670.46
1852.93
1604.27
1263.39
1464.46
664.34
1829.15
1888.03
1082.76
1759.50
1285.57
1692.73
1879.40
1624.58
709.35
812.53
1525.21
1800.74
1575.30
1136.78
634.99
1354.65
1136.40
1803.27
1577.45
1822.06
1584.62
1075.35
1846.55
1540.21
1623.76
961.42
1564.68
1159.56
879.96
1464.09
1602.71
1564.60
1555.96
1828.22
1197.63
785.20
915.51
1735.23
1613.51
1695.56
1379.90
1174.88
1281.39
597.01
1980.80
1220.05
1913.98
838.26
1646.56
638.59
1412.37
1307.28
1182.26
364.61
1701.03
1725.47
711.76
1181.27
1985.93
1874.26
1166.10
1817.23
1563.42
1577.31
1643.98
1517.69
2062.06
1029.49
742.98
1927.05
1605.99
1577.77
1828.78
2047.81
1547.77
1604.32
1610.30
1436.78
1210.19
1241.72
1358.77
1660.81
1427.21
1952.12
1581.69
1552.18
1611.10
1648.12
1273.24
1815.88
1047.90
1441.67
1421.76
1672.13
1998.89
572.91
1002.41
1386.01
1950.65
1740.34
1136.59
1932.49
1652.25
1660.99
1700.30
932.17
922.60
1783.68
415.65
1851.79
1922.67
1908.25
1705.19
1481.50
1527.22
1512.24
1799.92
494.49
1645.57
1189.92
1219.70
1906.98
1297.57
1226.50
1464.44
1637.87
1565.49
1490.77
1597.49
1372.28
1787.61
832.69
1314.77
1146.73
1136.82
738.57
676.36
1019.28
1593.22
565.17
1570.37
826.91
1505.15
1935.53
1911.36
1592.32
1921.35
1511.45
1397.33
1637.78
1841.40
1181.98
565.32
1196.20
1737.85
1625.72
1842.54
1902.90
692.95
571.37
1758.16
1198.55
1816.31
992.31
1808.98
1120.54
1613.45
1176.51
1102.36
1332.83
1282.80
1919.63
1269.77
1935.92
1499.60
1503.30
1577.69
1669.67
1906.44
1680.77
1577.73
1377.56
2015.04
1197.57
797.58
1617.07
1316.51
1614.16
813.47
1290.00
1194.13
1672.00
1633.91
2032.53
1275.84
1451.91
1548.87
560.00
1632.13
1573.27
1887.38
1900.74
590.69
594.24
1656.45
1860.85
1225.94
1880.99
767.29
1218.89
1400.45
776.90
2034.28
1420.86
1164.72
1745.62
1829.54
1463.36
1055.34
757.79
1494.28
1567.48
1803.96
1542.51
1670.09
1637.75
1099.64
1719.72
1621.67
1377.45
1882.36
411.57
1673.86
1285.81
1644.77
608.00
737.42
1913.82
1897.97
1249.84
819.09
1553.46
1884.06
1681.40
1266.84
1660.16
1676.79
1242.77
1696.78
1596.25
1480.39
1102.34
1310.09
821.81
1672.19
2023.30
1560.87
1905.80
2035.93
1877.47
1543.50
1666.08
757.43
849.44
1501.43
776.26
1529.97
1456.14
1906.77
1188.66
1722.35
1675.25
1615.53
1681.99
1546.29
1786.13
538.05
1041.14
703.29
1429.95
772.83
1870.05
1535.49
2068.89
1658.93
1264.42
1157.12
499.66
909.51
1666.29
1473.17
1612.68
1062.03
897.00
1427.71
1334.44
1624.15
911.66
792.29
1570.36
1501.15
1921.12
821.02
1341.27
448.22
695.06
1609.87
1339.41
1752.37
1457.72
1646.72
1557.78
1796.01
1889.80
1191.51
1872.66
1518.23
1628.46
964.61
1493.82
1735.70
388.47
1861.36
1773.42
1129.32
1486.54
1119.87
1701.04
1213.51
1488.72
1497.70
1483.21
758.03
1684.73
1566.51
1616.22
1110.90
869.95
1859.31
719.34
1704.80
1953.85
905.17
1491.80
1959.44
1427.52
794.75
1825.78
1169.60
1255.81
1396.92
1816.83
980.19
1374.44
1927.23
1601.09
1298.46
1651.47
1567.72
1350.21
1188.78
1400.36
1163.96
748.78
1182.73
1470.59
503.72
1661.01
514.09
1554.41
1232.72
1689.82
1694.28
1873.11
1472.43
1589.65
457.21
809.04
1529.17
1902.93
1193.10
1638.70
1896.39
577.32
1445.80
1569.87
1217.35
1572.60
484.39
2105.99
1447.90
966.57
729.68
701.91
1845.22
1422.23
1419.30
1880.31
1849.90
1319.22
1640.81
1572.31
1049.19
1870.23
1650.29
1621.96
1529.65
1550.18
1929.92
1501.04
1718.39
944.88
827.00
1710.63
1737.02
1432.90
992.97
2043.04
1438.69
1636.23
1673.83
1618.17
1508.32
1230.49
1560.26
1300.70
1918.17
1211.83
1730.68
1659.15
1569.26
2094.24
1344.86
1450.94
1576.47
1608.46
1445.81
857.74
1126.35
1642.45
1533.75
1836.97
1606.25
1272.50
966.98
1213.34
1106.82
1874.73
1542.06
1289.67
1833.51
1444.56
1704.47
1959.49
1896.37
1604.51
1608.07
1643.80
1224.74
541.71
1649.64
1945.06
1781.98
1679.91
2114.70
1678.17
1842.23
1238.19
1095.27
1323.19
1713.55
1577.78
1623.30
1221.75
1607.17
1704.11
866.63
1820.46
1450.12
1910.56
2067.07
1255.37
805.23
1578.24
1819.69
1799.07
1652.24
1127.63
1916.20
1815.07
1755.06
1471.82
1630.17
1961.18
444.55
670.36
1406.59
874.47
1274.02
959.40
1784.95
1156.14
1230.84
1047.64
1281.56
1622.25
1640.45
1265.78
1190.62
1717.53
1318.37
1486.52
982.67
1926.97
1497.94
1486.97
1296.73
1473.93
1735.28
1320.61
1277.21
509.35
865.15
1604.72
911.75
1469.93
1534.61
1586.32
2019.99
1890.96
1786.33
1621.88
1711.07
1463.99
1891.16
1522.61
1643.70
1819.07
1932.41
1381.13
1761.58
1598.68
1618.50
1813.81
934.24
1314.39
1987.42
2047.38
1358.83
959.28
1634.80
1951.05
1518.91
1636.52
954.17
1920.45
870.82
1722.37
732.03
1263.84
1626.90
688.05
1515.30
1300.78
1883.90
1807.37
1695.45
1123.71
1151.88
1340.34
1917.11
1841.42
1532.82
1697.09
1359.79
975.48
1680.47
1264.39
1621.71
1181.13
1513.69
1807.87
1818.81
1956.71
1500.53
910.93
1818.89
1237.70
1677.69
1347.82
1719.55
1288.86
1038.49
1237.67
1686.06
1478.48
1587.35
1178.96
1649.03
1637.86
1815.36
1936.66
1626.53
560.90
1411.82
1205.48
1410.91
2106.20
824.90
1625.78
1755.11
1181.43
1287.98
1780.77
1827.66
1562.41
1607.26
596.50
840.32
1138.29
1616.01
1576.70
1614.82
1621.81
1642.60
1495.23
1633.29
751.98
1678.24
1807.76
1914.14
1886.40
1800.43
1532.54
913.50
1000.89
1573.37
809.97
1479.52
1520.74
1615.83
857.96
1609.51
1909.73
872.52
1554.24
931.26
910.13
1707.13
1281.24
1775.59
1823.00
1630.24
884.75
1499.17
962.18
1375.95
1605.58
1157.30
1557.54
1514.38
1117.12
923.50
1366.40
1085.47
1678.60
1359.82
1289.62
1609.05
1459.40
788.73
1245.38
1519.93
933.76
641.93
669.67
565.83
1334.80
1768.95
720.08
1611.90
1419.72
1570.13
1542.84
1672.00
1903.58
841.38
1475.00
2071.63
1541.73
1712.62
1350.35
1271.19
1698.87
1344.18
1343.63
1029.05
1589.41
1709.00
1489.28
1208.96
1650.04
689.80
1108.28
1002.44
1596.61
1085.84
1373.39
881.19
949.76
1450.65
1193.01
736.37
499.37
1596.39
936.58
815.06
1875.88
799.50
1973.82
1306.17
1631.67
1735.69
1425.41
819.78
1735.70
1827.11
1808.46
690.39
991.77
1120.50
1561.62
577.66
1492.89
1590.57
1472.79
1855.22
1150.97
1053.65
1716.67
1570.27
1941.13
1925.66
1494.27
1674.23
1711.43
719.73
1573.03
833.90
1782.12
1043.98
343.27
797.89
1288.42
1623.33
1859.76
960.51
1546.40
1280.09
763.89
1426.45
1663.58
1565.94
1628.07
1914.60
622.27
1607.43
767.51
1801.50
1110.18
1206.85
1102.19
1961.72
1363.83
1311.42
1941.58
1660.92
1268.82
1895.10
1535.42
1528.62
1946.42
1702.72
1106.23
1545.58
1369.18
1616.05
1134.74
1626.52
1196.49
1614.09
1651.95
1836.23
1740.81
2118.74
2027.52
704.19
1497.29
1647.45
1570.40
566.71
789.13
1181.91
1951.45
1326.04
1443.20
1770.50
844.18
1613.75
1622.13
1701.84
541.27
920.26
1729.51
1679.93
981.38
1181.99
1919.38
1739.37
1707.80
1611.82
1501.33
490.66
1912.97
1524.48
1200.15
2065.65
1485.41
1754.89
1309.91
1629.22
1688.19
1935.44
1786.05
810.02
1623.80
1296.26
1508.79
1853.90
1405.33
1687.02
1266.75
1834.15
740.25
768.34
1089.80
1432.00
1783.75
1091.22
1742.46
1269.93
1467.86
1438.08
1429.01
556.16
1215.51
1912.58
1927.79
1280.60
875.93
1160.64
1440.30
2070.70
920.04
1808.22
1377.80
2033.37
1449.55
1925.39
752.04
1591.81
1437.20
1118.37
1485.97
1246.98
1020.43
1603.13
1242.61
1712.71
1621.33
1450.76
1679.92
1440.14
1494.16
1332.69
2103.24
1539.26
1521.90
1135.97
1288.85
1847.34
1603.18
1603.75
780.71
1459.55
1711.87
1674.78
1815.37
1976.97
911.41
1523.59
1755.09
1666.80
851.54
1914.34
668.30
1602.01
1607.11
1504.28
1213.15
744.33
1265.77
1742.67
1156.01
1595.73
614.41
1494.87
1690.83
1271.65
1923.18
1593.35
1594.53
1682.64
537.90
1296.42
1129.21
1731.51
1770.42
544.58
1296.52
1332.81
1720.33
1894.86
1297.50
1884.65
1828.07
1047.57
1593.39
1874.92
1529.08
1629.80
1502.84
1088.39
1929.06
1412.89
1257.24
1380.45
1730.03
1382.76
673.23
1405.31
1872.98
854.66
1537.77
1564.36
1303.73
1469.89
845.04
758.78
1696.57
1692.24
1132.79
1208.58
1866.10
569.32
1759.42
665.57
1539.66
742.82
1268.74
1492.83
874.89
762.30
1463.60
760.24
1731.87
1393.45
1280.05
1872.24
1288.93
1473.30
1497.63
1328.08
1336.78
1311.81
1462.69
1601.93
888.01
718.83
822.90
584.64
2017.52
1732.73
1338.36
1124.05
497.93
1112.65
1427.58
1483.59
1334.01
2085.54
1352.70
1380.45
1531.06
1846.99
1744.83
1720.53
1611.41
1406.72
1690.10
1875.76
1392.76
1616.97
1609.63
754.06
1679.14
1292.68
1103.00
1866.53
1989.66
1882.54
1126.75
1644.86
904.94
911.93
1793.35
1094.06
1592.36
548.32
1386.02
1644.55
891.34
1631.45
1711.37
1898.40
408.36
1281.19
1979.10
1919.20
784.23
1333.90
1605.57
1749.82
1716.12
1937.73
1361.99
1553.56
749.41
1537.27
1105.21
747.24
1379.71
255.04
1886.85
688.22
689.26
1643.91
1308.69
2082.52
1308.41
1888.40
1894.36
867.87
1892.21
1644.15
2008.31
740.00
644.06
1619.18
1647.30
1600.97
637.97
1699.14
2112.28
1203.10
1199.51
767.98
1664.51
1778.03
1641.67
1994.52
1632.04
1539.33
626.69
1165.13
1698.94
1972.90
1774.53
1817.03
738.86
1641.76
1438.84
1972.44
1310.36
1372.45
1632.36
1563.45
832.68
1882.03
1388.56
1527.02
1818.85
1420.79
1257.42
1494.47
1881.57
745.31
906.13
1910.07
1725.77
591.03
1537.05
1549.40
1527.13
1775.26
1779.65
1415.84
1031.50
1737.01
1455.32
1188.08
822.90
1443.68
961.30
1498.19
1397.04
1548.72
1850.20
1624.98
1004.27
1660.08
1624.11
1203.61
1390.21
1834.81
1727.18
1662.78
1733.63
1594.00
1911.41
1661.56
1870.93
1760.83
1186.24
1314.94
1585.44
1203.60
1696.24
1697.88
1846.59
1491.09
1682.22
1977.33
636.52
1348.65
725.89
1717.81
1406.76
1667.72
1405.47
735.61
1371.91
1239.78
1444.70
1211.89
1801.52
1900.24
1253.88
1922.30
743.76
1560.75
878.55
1567.98
1125.88
1163.73
1632.78
1469.78
1121.48
634.57
1474.35
1479.78
1484.74
1819.60
1689.81
1484.84
1732.33
1729.48
1551.96
1510.55
1398.75
1180.22
1507.61
1934.28
1092.99
940.83
1961.80
721.69
1729.62
1595.26
1476.86
1366.15
1803.76
1444.47
1827.63
1768.41
1084.26
1703.07
1131.43
780.72
1419.66
742.80
1834.13
1859.35
1531.61
1470.66
1666.49
384.32
1639.97
1148.69
1219.88
1621.53
1124.17
785.47
1725.38
909.68
1288.08
1708.09
728.45
1506.46
685.58
659.29
1406.23
1643.77
1200.34
666.59
1602.93
1012.48
1904.43
1617.33
1595.98
1651.73
1441.06
1506.66
728.07
1720.10
1857.69
722.51
706.26
998.44
1669.66
1870.44
1172.52
1930.86
1224.99
1244.81
1917.16
1394.36
1908.99
748.71
1436.34
1523.75
903.06
1818.52
1272.98
1182.98
1820.07
1284.33
859.78
1784.68
1979.23
1591.02
1581.61
1156.45
1136.80
1335.40
1606.78
1280.62
1911.82
1658.28
1342.87
1232.04
855.12
1722.17
1558.26
1411.31
1472.92
1856.94
2072.63
814.68
1757.63
1707.15
777.41
442.10
1622.81
1411.01
1369.08
1117.70
757.83
1632.32
1684.54
1485.52
1690.32
1547.99
1449.52
997.57
1625.56
1004.25
1138.77
1444.16
1228.67
1140.67
767.99
963.37
1725.20
1996.35
1716.10
1881.27
1249.17
1652.56
1606.64
1305.91
1330.11
1962.23
1282.04
1670.61
1643.27
1980.83
1582.74
1402.55
1496.21
1930.96
1023.97
856.16
1427.68
1571.98
970.08
1087.10
1207.86
1195.36
1804.15
1463.42
1312.99
1799.85
1566.33
1598.76
339.46
420.64
1980.88
1684.46
1042.07
1864.19
801.98
933.49
741.49
1634.31
1215.65
1960.25
872.76
1505.63
1446.80
708.82
1741.68
1218.39
679.02
1327.49
1696.36
1654.51
1311.58
1896.57
1553.78
687.35
1825.48
1994.15
1406.52
2077.90
1252.02
2058.96
1251.22
1836.81
840.89
1441.19
789.28
1190.81
1645.41
1462.47
1285.83
1544.82
711.16
762.31
1518.82
1267.29
1900.52
1889.20
1617.65
773.07
1428.09
1185.94
940.25
1632.30
871.83
1514.27
1350.91
1448.62
1477.70
1690.26
1026.15
968.48
1783.33
1384.95
1944.07
855.97
847.62
1847.31
970.59
1327.01
1698.70
1567.41
1321.82
281.64
1798.59
1316.67
2046.40
1413.26
1512.55
1186.19
1921.11
1713.21
1697.32
1599.55
1746.11
824.55
1831.38
1534.45
1513.54
1770.99
1776.52
1479.57
1338.18
1732.53
1773.62
1240.28
1719.18
1410.41
800.06
762.06
1420.56
1929.72
1151.78
538.18
1643.62
741.94
1637.61
1355.87
1145.17
1544.41
1528.41
1587.01
871.25
1759.67
1184.33
1133.81
1163.55
1476.33
1513.27
1589.63
484.27
1292.86
848.55
1793.64
1223.99
1626.96
1219.24
2062.39
1765.39
1221.82
1774.30
1252.74
1691.28
1557.84
1197.21
1385.71
1575.11
1345.78
642.71
1615.40
1400.66
1095.59
1974.46
1258.36
1706.89
1085.42
1473.24
1190.36
1926.24
1509.66
1902.95
1644.68
1498.56
1786.10
948.32
1656.38
738.88
1427.00
1081.50
1162.33
1268.67
1927.17
1758.25
1518.11
1180.83
835.18
1557.05
2026.70
1778.39
640.05
1261.33
1150.46
1583.03
1480.45
1643.79
1582.71
1507.42
473.23
1485.99
1695.52
1493.68
1637.62
1034.58
1892.93
1805.68
873.61
589.17
2063.61
1124.55
1724.07
1715.59
1414.06
1930.94
1257.61
1662.88
1787.66
522.11
1307.40
444.15
1790.84
807.03
890.56
1758.97
1827.77
856.01
1452.12
1605.76
1959.23
1806.41
449.35
1604.21
1102.24
1893.28
1332.23
1957.07
1983.91
1979.86
1484.32
1697.87
1252.90
1477.68
722.38
1634.98
1451.42
895.43
1135.49
1648.53
1429.73
1693.82
319.40
1718.18
1694.06
932.61
1101.57
760.58
1522.73
974.02
1223.63
1220.28
1170.14
1595.31
1516.08
1110.87
1283.13
1606.27
1435.26
1536.91
1412.46
1749.34
1827.43
1203.78
1174.20
1109.58
1612.12
817.09
715.70
1269.35
921.41
1889.06
1428.24
904.11
1833.08
1137.79
1938.62
1359.10
1133.99
1357.67
758.22
1284.81
1316.02
1399.73
1836.72
817.88
1346.86
1459.84
1674.51
613.60
1458.56
1421.58
925.79
1774.90
1864.38
1237.18
1399.70
513.30
1682.50
1652.70
1392.14
1331.43
747.59
2013.47
1187.40
1866.03
1104.86
710.37
1926.76
1463.99
1554.52
1191.69
1596.75
1527.11
1286.82
1298.50
848.92
1328.49
1338.92
1362.46
1493.03
737.43
1414.90
1108.41
1294.49
1513.16
1641.83
1907.37
676.83
1298.20
1914.19
1098.84
1610.98
1090.23
1702.86
1330.19
1260.63
1565.07
1623.44
1721.41
793.85
1251.32
2059.66
1761.73
1774.53
1317.36
1927.33
1715.38
2053.39
1587.72
1521.19
1588.23
1854.54
1458.78
1229.23
1437.81
1488.85
1287.53
684.37
1257.06
1852.13
1293.52
1597.82
1897.60
1051.59
1548.60
867.30
1575.75
1873.33
356.52
1493.84
1418.69
1566.79
1608.90
1140.58
1344.81
629.28
625.15
1367.71
1697.80
1908.50
1822.51
1739.14
1350.58
1602.62
1632.79
1869.34
901.22
1709.86
702.24
905.64
1172.61
1433.35
973.23
1625.98
1205.39
1584.18
1595.67
1745.56
1400.34
1335.64
1664.81
1350.60
1632.06
1867.20
1653.26
1093.90
1315.53
1696.24
1310.06
1365.72
972.07
912.15
1526.42
1741.44
968.89
759.38
1189.51
1737.13
1411.54
1393.53
945.77
1796.64
1555.52
1622.52
1663.69
1437.11
1344.72
687.55
1428.86
807.39
795.93
1827.58
1925.04
1267.04
1932.59
876.42
1356.61
959.78
905.50
1083.28
1317.92
1571.85
1323.65
862.19
1545.76
1826.32
1498.33
1360.00
1678.52
1647.33
1962.69
1238.21
1105.42
1402.95
1697.64
1317.55
1256.72
1648.66
1167.53
538.70
1586.98
1605.12
840.45
1255.79
1168.84
894.58
1588.49
655.47
1364.22
1229.19
1593.22
1623.98
1702.91
1885.92
1466.23
1468.15
1641.17
1784.97
1696.67
1966.58
1837.69
1607.38
1704.68
1162.05
1462.55
1213.36
1223.36
1711.17
1360.15
1190.99
1741.63
699.98
1816.20
1183.22
1003.15
1073.02
1894.19
1600.52
1509.05
1680.66
1418.60
1596.08
874.58
1405.11
907.14
1497.33
1671.96
1047.29
1480.70
1482.72
1065.50
1233.38
828.23
1543.27
1829.25
929.13
1186.29
775.63
1586.18
473.86
1093.91
716.76
1437.80
1626.13
2048.37
2086.88
1375.70
1837.07
735.12
942.92
1898.69
1548.17
1354.09
1414.08
1533.31
1319.55
1931.22
1435.89
1131.33
2080.37
2085.60
1998.77
1627.40
1579.50
746.01
1604.48
1231.06
1531.84
1487.37
925.95
584.71
1923.27
1448.34
800.35
1486.72
1613.79
1311.63
1559.89
1856.26
994.87
793.52
1405.67
1713.26
745.22
767.95
579.01
1838.60
1647.40
1387.28
1853.99
1360.31
1915.34
1592.09
1383.20
1577.59
1905.01
1611.33
1219.73
1555.71
832.56
700.95
1524.80
1584.32
1472.20
1559.00
919.04
1788.49
1782.25
1799.56
1958.46
1584.49
1686.65
1448.89
2115.11
1758.03
1169.07
808.35
768.66
1780.76
1097.72
1599.83
1684.63
1540.73
1119.15
1425.08
1430.52
1509.12
810.45
1339.48
1779.77
775.46
1662.87
1027.74
1649.26
1507.50
1261.87
827.75
1558.87
1401.16
1502.94
1530.69
1221.37
1660.40
1290.23
1499.57
1422.36
1740.51
874.57
1748.72
1769.33
1611.77
569.27
632.67
1837.94
1020.96
798.00
1545.23
779.88
1694.42
1307.58
1476.40
1771.23
1772.64
1533.56
1850.20
1846.90
1263.73
1495.14
1473.33
1512.88
1198.91
1083.23
1547.53
1393.22
1318.59
1618.21
1644.97
1349.45
1518.30
1757.31
738.81
719.79
1710.99
1510.09
1419.46
1691.28
1637.08
1226.90
1060.19
1656.84
1397.08
1073.14
1886.90
1480.12
1898.54
1536.32
1732.21
1102.44
1482.16
1704.03
1792.22
2095.05
947.52
651.61
1313.02
1314.96
887.62
719.92
1807.36
1241.97
1861.11
1287.79
1699.34
1806.49
1674.12
821.22
1514.43
1707.57
1138.80
785.30
637.10
1225.07
1824.40
1637.75
747.15
1267.08
1542.67
1647.00
1555.32
1871.33
1942.23
1845.53
1473.44
1960.70
974.02
1210.86
511.34
1712.53
1501.16
1387.79
1550.81
1599.16
2033.54
1882.91
1748.53
1544.60
1432.02
1491.03
1630.25
2009.07
1906.07
1419.82
878.50
1686.28
1350.47
1135.19
1358.85
1441.18
1884.39
1199.56
1160.92
1232.65
535.58
1538.44
1564.24
1634.78
1467.92
1245.79
1161.02
1308.27
1132.97
572.22
1577.73
868.50
1646.44
1077.77
1945.31
948.36
1963.39
1805.50
1607.15
1640.72
1911.83
1296.64
1804.19
554.17
1320.49
2064.44
1074.16
1237.20
1475.57
1584.79
501.89
1472.56
1501.22
1339.26
1874.65
1895.55
489.69
1536.73
515.39
1597.61
1396.88
1631.35
1446.63
1772.41
1963.04
527.04
454.28
1398.03
1184.16
1179.41
1308.13
786.89
1714.77
849.79
1865.54
1537.87
768.50
802.73
1256.17
1651.38
1684.04
678.32
1598.33
1562.22
1022.16
621.02
727.73
1475.71
1230.57
1087.76
1474.38
857.61
1624.53
661.68
1221.05
1689.42
1594.85
1980.74
1679.91
1474.94
850.18
1716.24
764.18
1560.83
1175.37
1577.63
1306.93
1337.69
1480.43
1507.32
1553.59
1498.50
1906.17
1772.59
1749.33
803.75
1824.29
1340.35
1467.89
1915.39
1647.65
1702.92
657.50
1286.26
1324.97
1910.39
1436.02
1866.43
1757.27
773.00
1543.92
1633.07
1766.92
1124.69
1094.88
861.34
1511.15
2086.92
958.18
1718.85
1577.99
1280.37
575.53
1703.46
844.49
1530.19
600.45
1160.79
1123.93
1284.80
1867.91
1984.13
835.35
1665.43
885.21
634.20
1365.13
1163.04
666.55
1491.04
1724.00
1190.48
1511.89
1145.09
1319.77
1477.64
1498.11
942.38
1284.32
1294.77
485.90
594.97
1576.98
1248.19
1216.44
1051.80
1331.34
1275.49
868.03
1678.89
776.77
955.32
1402.44
1646.44
1599.49
1141.01
1576.19
1646.46
1669.02
1427.47
1836.09
1407.52
1611.30
1800.41
1084.15
1668.82
1492.40
1863.04
1418.78
1309.85
1700.35
1390.20
1871.80
1887.61
1877.01
1876.21
1644.15
841.48
1612.01
808.98
1280.14
1455.06
1114.94
1657.64
1956.05
1839.16
1909.13
1407.24
1162.78
1426.84
1643.25
1413.58
1713.27
583.04
1425.29
589.23
1392.71
2039.32
1542.30
1581.94
943.52
771.46
1668.36
1392.17
1341.34
1502.50
1365.68
1924.71
1645.13
691.98
1227.49
1693.88
1310.06
1302.69
1499.56
1647.76
1183.13
728.43
449.72
1780.61
927.01
1732.30
1898.85
1597.49
1509.61
1938.84
840.38
1370.06
1479.56
1309.87
1291.88
705.05
1836.65
1654.20
1452.29
495.78
1142.73
1610.60
1532.19
947.17
1933.73
908.22
762.17
1389.97
1292.82
1834.28
1444.06
1255.86
1888.84
2050.80
1670.32
1376.21
1122.95
637.97
1624.55
1329.26
1670.00
479.06
1722.26
1749.15
1689.15
1548.31
1800.52
951.16
755.97
1734.51
1667.33
1591.11
1467.25
1240.77
1432.20
1122.13
990.68
1754.69
1118.27
1361.07
1409.17
1062.24
1098.99
1593.71
1920.90
1276.11
577.42
1449.58
1115.29
1584.11
1554.66
1276.29
1744.00
1501.71
1596.99
1892.54
1653.97
935.71
1462.35
2070.91
1142.29
1562.71
1431.35
1151.87
578.74
1467.71
1154.87
1570.87
780.70
1378.98
1023.83
1269.65
1559.27
725.34
1406.20
1935.87
856.54
2086.43
862.59
1186.98
904.76
1637.19
1829.12
1455.83
1481.45
1333.48
949.70
818.99
1855.34
1139.10
1742.71
1602.04
1671.79
1181.18
1461.72
1481.89
1831.19
1216.89
1310.79
1653.28
750.03
1869.61
1820.20
1722.41
1776.49
1782.08
1184.85
1691.85
392.73
1389.58
1088.18
1375.56
870.43
2061.12
1444.09
1417.80
847.62
1981.44
929.16
200.22
910.58
959.03
1899.43
1953.00
1804.62
1662.53
1943.60
1285.44
1607.40
957.93
1182.07
1506.67
958.38
853.31
1717.71
1219.31
746.38
1428.02
1684.78
1333.91
1625.27
1919.08
1085.05
1922.39
1651.07
1500.25
1678.18
1434.75
1330.09
922.24
1106.06
595.82
1581.51
1627.30
1711.30
1513.39
1157.97
1364.04
1320.54
612.72
1821.95
1615.89
1540.73
1830.55
1603.50
1350.67
2047.98
817.03
1210.36
831.41
1722.74
1430.92
985.77
1241.89
1839.84
1636.91
1593.66
1395.96
802.20
2020.94
803.46
1396.04
1474.11
1289.99
1481.17
1347.06
1429.81
1172.83
1036.37
1957.05
1608.66
784.81
1827.17
1383.24
1459.54
605.92
1856.29
1306.87
522.54
1140.47
651.20
372.82
1436.01
1134.17
1400.44
1624.48
1490.35
1329.72
1700.23
2104.21
603.46
1599.10
727.45
1596.12
1450.89
1174.14
1917.05
1557.18
1780.04
1477.38
1414.06
1904.44
1163.91
1713.00
1410.85
1379.64
1242.54
1744.98
476.50
1127.97
976.87
984.96
1746.47
778.50
1001.68
1824.04
1501.55
1219.10
407.90
1285.41
1155.05
969.23
1258.42
839.06
1640.70
1605.10
1935.00
1358.16
1692.78
888.30
1554.16
1803.35
1596.80
1589.12
2034.27
1258.60
585.61
1393.01
1237.61
1970.46
1805.75
1540.83
915.61
1716.30
781.82
1423.30
775.94
1732.39
1453.36
1337.99
1586.85
1581.39
2020.77
1641.55
410.99
1537.72
1687.89
1299.03
1215.62
1408.13
1544.49
1439.73
977.87
1942.40
1670.74
1617.30
2039.68
1881.24
1455.77
1295.88
1390.78
1615.39
1388.16
521.11
1662.19
1801.64
1493.50
1255.66
1817.40
599.20
539.73
633.84
1873.85
1303.93
